PN;T0;M;X1;X2;X3;V1;V2;V3;XR;V;Error
P 1;  0.0000000E+00;  1.9890000E+30; -7.0000000E+10;  0.0000000E+00;  0.0000000E+00;  0.0000000E+00; -1.7800000E+01;  0.0000000E+00;  7.0000000E+10;  1.7800000E+01;  0.0000000E+00
P 2;  0.0000000E+00;  1.9890000E+30;  7.0000000E+10;  0.0000000E+00;  0.0000000E+00;  0.0000000E+00;  1.7800000E+01;  0.0000000E+00;  7.0000000E+10;  1.7800000E+01;  0.0000000E+00
P 1;  0.0000000E+00;  1.9890000E+30; -5.5174073E+10; -8.2534282E+01;  0.0000000E+00;  5.0896999E+09; -1.4530878E+01;  0.0000000E+00;  5.5174073E+10;  5.0896999E+09;  0.0000000E+00
P 2;  0.0000000E+00;  1.9890000E+30;  5.5174073E+10;  8.2534282E+01;  0.0000000E+00; -5.0896999E+09;  1.4530878E+01;  0.0000000E+00;  5.5174073E+10;  5.0896999E+09;  0.0000000E+00
P 1;  5.0000000E+00;  1.9890000E+30; -4.2071910E+09; -7.6394294E+01;  0.0000000E+00;  1.6009558E+10;  3.2461261E+01;  0.0000000E+00;  4.2071910E+09;  1.6009558E+10;  0.0000000E+00
P 2;  5.0000000E+00;  1.9890000E+30;  4.2071910E+09;  7.6394294E+01;  0.0000000E+00; -1.6009558E+10; -3.2461261E+01;  0.0000000E+00;  4.2071910E+09;  1.6009558E+10;  0.0000000E+00
P 1;  1.0000000E+01;  1.9890000E+30;  8.0854017E+10;  6.1960017E+02;  0.0000000E+00;  1.3777115E+10;  1.1175328E+02;  0.0000000E+00;  8.0854017E+10;  1.3777115E+10;  0.0000000E+00
P 2;  1.0000000E+01;  1.9890000E+30; -8.0854017E+10; -6.1960017E+02;  0.0000000E+00; -1.3777115E+10; -1.1175328E+02;  0.0000000E+00;  8.0854017E+10;  1.3777115E+10;  0.0000000E+00
P 1;  1.5000000E+01;  1.9890000E+30;  1.3959263E+11;  1.0998247E+03;  0.0000000E+00;  1.0637879E+10;  8.7364261E+01;  0.0000000E+00;  1.3959263E+11;  1.0637879E+10;  0.0000000E+00
P 2;  1.5000000E+01;  1.9890000E+30; -1.3959263E+11; -1.0998247E+03;  0.0000000E+00; -1.0637879E+10; -8.7364261E+01;  0.0000000E+00;  1.3959263E+11;  1.0637879E+10;  0.0000000E+00
P 1;  2.0000000E+01;  1.9890000E+30;  1.8631868E+11;  1.4855172E+03;  0.0000000E+00;  8.5674326E+09;  7.0959409E+01;  0.0000000E+00;  1.8631868E+11;  8.5674326E+09;  0.0000000E+00
P 2;  2.0000000E+01;  1.9890000E+30; -1.8631868E+11; -1.4855172E+03;  0.0000000E+00; -8.5674326E+09; -7.0959409E+01;  0.0000000E+00;  1.8631868E+11;  8.5674326E+09;  0.0000000E+00
P 1;  2.5000000E+01;  1.9890000E+30;  2.2413429E+11;  1.8001806E+03;  0.0000000E+00;  6.9357858E+09;  5.7905773E+01;  0.0000000E+00;  2.2413429E+11;  6.9357858E+09;  0.0000000E+00
P 2;  2.5000000E+01;  1.9890000E+30; -2.2413429E+11; -1.8001806E+03;  0.0000000E+00; -6.9357858E+09; -5.7905773E+01;  0.0000000E+00;  2.2413429E+11;  6.9357858E+09;  0.0000000E+00
P 1;  3.0000000E+01;  1.9890000E+30;  2.5455657E+11;  2.0554621E+03;  0.0000000E+00;  5.5417043E+09;  4.6681346E+01;  0.0000000E+00;  2.5455657E+11;  5.5417043E+09;  0.0000000E+00
P 2;  3.0000000E+01;  1.9890000E+30; -2.5455657E+11; -2.0554621E+03;  0.0000000E+00; -5.5417043E+09; -4.6681346E+01;  0.0000000E+00;  2.5455657E+11;  5.5417043E+09;  0.0000000E+00
P 1;  3.5000000E+01;  1.9890000E+30;  2.7847006E+11;  2.2581832E+03;  0.0000000E+00;  4.2923746E+09;  3.6573660E+01;  0.0000000E+00;  2.7847006E+11;  4.2923746E+09;  0.0000000E+00
P 2;  3.5000000E+01;  1.9890000E+30; -2.7847006E+11; -2.2581832E+03;  0.0000000E+00; -4.2923746E+09; -3.6573660E+01;  0.0000000E+00;  2.7847006E+11;  4.2923746E+09;  0.0000000E+00
P 1;  4.0000000E+01;  1.9890000E+30;  2.9643161E+11;  2.4126335E+03;  0.0000000E+00;  3.1357236E+09;  2.7178469E+01;  0.0000000E+00;  2.9643161E+11;  3.1357236E+09;  0.0000000E+00
P 2;  4.0000000E+01;  1.9890000E+30; -2.9643161E+11; -2.4126335E+03;  0.0000000E+00; -3.1357236E+09; -2.7178469E+01;  0.0000000E+00;  2.9643161E+11;  3.1357236E+09;  0.0000000E+00
P 1;  4.5000000E+01;  1.9890000E+30;  3.0879889E+11;  2.5215471E+03;  0.0000000E+00;  2.0382552E+09;  1.8232956E+01;  0.0000000E+00;  3.0879889E+11;  2.0382552E+09;  0.0000000E+00
P 2;  4.5000000E+01;  1.9890000E+30; -3.0879889E+11; -2.5215471E+03;  0.0000000E+00; -2.0382552E+09; -1.8232956E+01;  0.0000000E+00;  3.0879889E+11;  2.0382552E+09;  0.0000000E+00
P 1;  5.0000000E+01;  1.9890000E+30;  3.1579260E+11;  2.5865764E+03;  0.0000000E+00;  9.7579880E+08;  9.5452560E+00;  0.0000000E+00;  3.1579260E+11;  9.7579880E+08;  0.0000000E+00
P 2;  5.0000000E+01;  1.9890000E+30; -3.1579260E+11; -2.5865764E+03;  0.0000000E+00; -9.7579880E+08; -9.5452560E+00;  0.0000000E+00;  3.1579260E+11;  9.7579880E+08;  0.0000000E+00
P 1;  5.5000000E+01;  1.9890000E+30;  3.1752810E+11;  2.6085312E+03;  0.0000000E+00; -7.1123903E+07;  9.5868498E-01;  0.0000000E+00;  3.1752810E+11;  7.1123903E+07;  0.0000000E+00
P 2;  5.5000000E+01;  1.9890000E+30; -3.1752810E+11; -2.6085312E+03;  0.0000000E+00;  7.1123903E+07; -9.5868498E-01;  0.0000000E+00;  3.1752810E+11;  7.1123903E+07;  0.0000000E+00
P 1;  6.0000000E+01;  1.9890000E+30;  3.1402999E+11;  2.5874847E+03;  0.0000000E+00; -1.1200974E+09; -7.6702944E+00;  0.0000000E+00;  3.1402999E+11;  1.1200974E+09;  0.0000000E+00
P 2;  6.0000000E+01;  1.9890000E+30; -3.1402999E+11; -2.5874847E+03;  0.0000000E+00;  1.1200974E+09;  7.6702944E+00;  0.0000000E+00;  3.1402999E+11;  1.1200974E+09;  0.0000000E+00
P 1;  6.5000000E+01;  1.9890000E+30;  3.0523501E+11;  2.5227866E+03;  0.0000000E+00; -2.1889675E+09; -1.6489546E+01;  0.0000000E+00;  3.0523501E+11;  2.1889675E+09;  0.0000000E+00
P 2;  6.5000000E+01;  1.9890000E+30; -3.0523501E+11; -2.5227866E+03;  0.0000000E+00;  2.1889675E+09;  1.6489546E+01;  0.0000000E+00;  3.0523501E+11;  2.1889675E+09;  0.0000000E+00
P 1;  7.0000000E+01;  1.9890000E+30;  2.9098420E+11;  2.4129869E+03;  0.0000000E+00; -3.2980850E+09; -2.5670045E+01;  0.0000000E+00;  2.9098420E+11;  3.2980850E+09;  0.0000000E+00
P 2;  7.0000000E+01;  1.9890000E+30; -2.9098420E+11; -2.4129869E+03;  0.0000000E+00;  3.2980850E+09;  2.5670045E+01;  0.0000000E+00;  2.9098420E+11;  3.2980850E+09;  0.0000000E+00
P 1;  7.5000000E+01;  1.9890000E+30;  2.7100157E+11;  2.2556445E+03;  0.0000000E+00; -4.4734320E+09; -3.5432719E+01;  0.0000000E+00;  2.7100157E+11;  4.4734320E+09;  0.0000000E+00
P 2;  7.5000000E+01;  1.9890000E+30; -2.7100157E+11; -2.2556445E+03;  0.0000000E+00;  4.4734320E+09;  3.5432719E+01;  0.0000000E+00;  2.7100157E+11;  4.4734320E+09;  0.0000000E+00
P 1;  8.0000000E+01;  1.9890000E+30;  2.4485100E+11;  2.0469481E+03;  0.0000000E+00; -5.7520834E+09; -4.6096067E+01;  0.0000000E+00;  2.4485100E+11;  5.7520834E+09;  0.0000000E+00
P 2;  8.0000000E+01;  1.9890000E+30; -2.4485100E+11; -2.0469481E+03;  0.0000000E+00;  5.7520834E+09;  4.6096067E+01;  0.0000000E+00;  2.4485100E+11;  5.7520834E+09;  0.0000000E+00
P 1;  8.5000000E+01;  1.9890000E+30;  2.1185026E+11;  1.7809595E+03;  0.0000000E+00; -7.1936518E+09; -5.8177025E+01;  0.0000000E+00;  2.1185026E+11;  7.1936518E+09;  0.0000000E+00
P 2;  8.5000000E+01;  1.9890000E+30; -2.1185026E+11; -1.7809595E+03;  0.0000000E+00;  7.1936518E+09;  5.8177025E+01;  0.0000000E+00;  2.1185026E+11;  7.1936518E+09;  0.0000000E+00
P 1;  9.0000000E+01;  1.9890000E+30;  1.7088332E+11;  1.4479542E+03;  0.0000000E+00; -8.9093742E+09; -7.2649943E+01;  0.0000000E+00;  1.7088332E+11;  8.9093742E+09;  0.0000000E+00
P 2;  9.0000000E+01;  1.9890000E+30; -1.7088332E+11; -1.4479542E+03;  0.0000000E+00;  8.9093742E+09;  7.2649943E+01;  0.0000000E+00;  1.7088332E+11;  8.9093742E+09;  0.0000000E+00
P 1;  9.5000000E+01;  1.9890000E+30;  1.1990280E+11;  1.0299788E+03;  0.0000000E+00; -1.1159832E+10; -9.1829016E+01;  0.0000000E+00;  1.1990280E+11;  1.1159832E+10;  0.0000000E+00
P 2;  9.5000000E+01;  1.9890000E+30; -1.1990280E+11; -1.0299788E+03;  0.0000000E+00;  1.1159832E+10;  9.1829016E+01;  0.0000000E+00;  1.1990280E+11;  1.1159832E+10;  0.0000000E+00
P 1;  1.0000000E+02;  1.9890000E+30;  5.3924915E+10;  4.8251958E+02;  0.0000000E+00; -1.4936636E+10; -1.2478098E+02;  0.0000000E+00;  5.3924915E+10;  1.4936636E+10;  0.0000000E+00
P 2;  1.0000000E+02;  1.9890000E+30; -5.3924915E+10; -4.8251958E+02;  0.0000000E+00;  1.4936636E+10;  1.2478098E+02;  0.0000000E+00;  5.3924915E+10;  1.4936636E+10;  0.0000000E+00
P 1;  1.0500000E+02;  1.9890000E+30; -2.0349536E+10; -2.3806823E+02;  0.0000000E+00; -6.8337148E+09; -8.6893845E+01;  0.0000000E+00;  2.0349536E+10;  6.8337148E+09;  0.0000000E+00
P 2;  1.0500000E+02;  1.9890000E+30;  2.0349536E+10;  2.3806823E+02;  0.0000000E+00;  6.8337148E+09;  8.6893845E+01;  0.0000000E+00;  2.0349536E+10;  6.8337148E+09;  0.0000000E+00
P 1;  1.1000000E+02;  1.9890000E+30; -1.0326032E+10; -1.3751431E+02;  0.0000000E+00;  8.5779278E+09;  1.0286545E+02;  0.0000000E+00;  1.0326032E+10;  8.5779278E+09;  0.0000000E+00
P 2;  1.1000000E+02;  1.9890000E+30;  1.0326032E+10;  1.3751431E+02;  0.0000000E+00; -8.5779278E+09; -1.0286545E+02;  0.0000000E+00;  1.0326032E+10;  8.5779278E+09;  0.0000000E+00
P 1;  1.1500000E+02;  1.9890000E+30;  5.7912307E+10;  7.8149226E+02;  0.0000000E+00;  9.8883270E+09;  1.3401649E+02;  0.0000000E+00;  5.7912307E+10;  9.8883270E+09;  0.0000000E+00
P 2;  1.1500000E+02;  1.9890000E+30; -5.7912307E+10; -7.8149226E+02;  0.0000000E+00; -9.8883270E+09; -1.3401649E+02;  0.0000000E+00;  5.7912307E+10;  9.8883270E+09;  0.0000000E+00
P 1;  1.2000000E+02;  1.9890000E+30;  9.2975239E+10;  1.2573928E+03;  0.0000000E+00;  5.3999301E+09;  7.3383734E+01;  0.0000000E+00;  9.2975239E+10;  5.3999301E+09;  0.0000000E+00
P 2;  1.2000000E+02;  1.9890000E+30; -9.2975239E+10; -1.2573928E+03;  0.0000000E+00; -5.3999301E+09; -7.3383734E+01;  0.0000000E+00;  9.2975239E+10;  5.3999301E+09;  0.0000000E+00
P 1;  1.2500000E+02;  1.9890000E+30;  1.0994475E+11;  1.4886129E+03;  0.0000000E+00;  2.1355747E+09;  2.9213000E+01;  0.0000000E+00;  1.0994475E+11;  2.1355747E+09;  0.0000000E+00
P 2;  1.2500000E+02;  1.9890000E+30; -1.0994475E+11; -1.4886129E+03;  0.0000000E+00; -2.1355747E+09; -2.9213000E+01;  0.0000000E+00;  1.0994475E+11;  2.1355747E+09;  0.0000000E+00
P 1;  1.3000000E+02;  1.9890000E+30;  1.1170124E+11;  1.5138490E+03;  0.0000000E+00; -8.2906872E+08; -1.0944634E+01;  0.0000000E+00;  1.1170124E+11;  8.2906872E+08;  0.0000000E+00
P 2;  1.3000000E+02;  1.9890000E+30; -1.1170124E+11; -1.5138490E+03;  0.0000000E+00;  8.2906872E+08;  1.0944634E+01;  0.0000000E+00;  1.1170124E+11;  8.2906872E+08;  0.0000000E+00
P 1;  1.3500000E+02;  1.9890000E+30;  9.8391454E+10;  1.3348835E+03;  0.0000000E+00; -3.9342453E+09; -5.3047691E+01;  0.0000000E+00;  9.8391454E+10;  3.9342453E+09;  0.0000000E+00
P 2;  1.3500000E+02;  1.9890000E+30; -9.8391454E+10; -1.3348835E+03;  0.0000000E+00;  3.9342453E+09;  5.3047691E+01;  0.0000000E+00;  9.8391454E+10;  3.9342453E+09;  0.0000000E+00
P 1;  1.4000000E+02;  1.9890000E+30;  6.7615174E+10;  9.1891003E+02;  0.0000000E+00; -7.8241646E+09; -1.0586017E+02;  0.0000000E+00;  6.7615174E+10;  7.8241646E+09;  0.0000000E+00
P 2;  1.4000000E+02;  1.9890000E+30; -6.7615174E+10; -9.1891003E+02;  0.0000000E+00;  7.8241646E+09;  1.0586017E+02;  0.0000000E+00;  6.7615174E+10;  7.8241646E+09;  0.0000000E+00
P 1;  1.4500000E+02;  1.9890000E+30;  7.2544066E+09;  1.0033552E+02;  0.0000000E+00; -1.6862754E+10; -2.2915656E+02;  0.0000000E+00;  7.2544066E+09;  1.6862754E+10;  0.0000000E+00
P 2;  1.4500000E+02;  1.9890000E+30; -7.2544066E+09; -1.0033552E+02;  0.0000000E+00;  1.6862754E+10;  2.2915656E+02;  0.0000000E+00;  7.2544066E+09;  1.6862754E+10;  0.0000000E+00
P 1;  1.5000000E+02;  1.9890000E+30; -2.5823255E+10; -3.5659289E+02;  0.0000000E+00;  6.7046162E+07;  4.5710557E-01;  0.0000000E+00;  2.5823255E+10;  6.7046162E+07;  0.0000000E+00
P 2;  1.5000000E+02;  1.9890000E+30;  2.5823255E+10;  3.5659289E+02;  0.0000000E+00; -6.7046162E+07; -4.5710557E-01;  0.0000000E+00;  2.5823255E+10;  6.7046162E+07;  0.0000000E+00
P 1;  1.5500000E+02;  1.9890000E+30; -3.6973747E+10; -4.7340032E+02;  0.0000000E+00; -1.8390869E+10; -2.3342392E+02;  0.0000000E+00;  3.6973747E+10;  1.8390869E+10;  0.0000000E+00
P 2;  1.5500000E+02;  1.9890000E+30;  3.6973747E+10;  4.7340032E+02;  0.0000000E+00;  1.8390869E+10;  2.3342392E+02;  0.0000000E+00;  3.6973747E+10;  1.8390869E+10;  0.0000000E+00
P 1;  1.6000000E+02;  1.9890000E+30; -1.1116851E+11; -1.4137411E+03;  0.0000000E+00; -1.3279356E+10; -1.6820897E+02;  0.0000000E+00;  1.1116851E+11;  1.3279356E+10;  0.0000000E+00
P 2;  1.6000000E+02;  1.9890000E+30;  1.1116851E+11;  1.4137411E+03;  0.0000000E+00;  1.3279356E+10;  1.6820897E+02;  0.0000000E+00;  1.1116851E+11;  1.3279356E+10;  0.0000000E+00
P 1;  1.6500000E+02;  1.9890000E+30; -1.6982908E+11; -2.1564557E+03;  0.0000000E+00; -1.0846044E+10; -1.3728697E+02;  0.0000000E+00;  1.6982908E+11;  1.0846044E+10;  0.0000000E+00
P 2;  1.6500000E+02;  1.9890000E+30;  1.6982908E+11;  2.1564557E+03;  0.0000000E+00;  1.0846044E+10;  1.3728697E+02;  0.0000000E+00;  1.6982908E+11;  1.0846044E+10;  0.0000000E+00
P 1;  1.7000000E+02;  1.9890000E+30; -2.1867479E+11; -2.7745368E+03;  0.0000000E+00; -9.1125993E+09; -1.1528405E+02;  0.0000000E+00;  2.1867479E+11;  9.1125993E+09;  0.0000000E+00
P 2;  1.7000000E+02;  1.9890000E+30;  2.1867479E+11;  2.7745368E+03;  0.0000000E+00;  9.1125993E+09;  1.1528405E+02;  0.0000000E+00;  2.1867479E+11;  9.1125993E+09;  0.0000000E+00
P 1;  1.7500000E+02;  1.9890000E+30; -2.5993913E+11; -3.2964250E+03;  0.0000000E+00; -7.7134882E+09; -9.7536357E+01;  0.0000000E+00;  2.5993913E+11;  7.7134882E+09;  0.0000000E+00
P 2;  1.7500000E+02;  1.9890000E+30;  2.5993913E+11;  3.2964250E+03;  0.0000000E+00;  7.7134882E+09;  9.7536357E+01;  0.0000000E+00;  2.5993913E+11;  7.7134882E+09;  0.0000000E+00
P 1;  1.8000000E+02;  1.9890000E+30; -2.9483266E+11; -3.7375216E+03;  0.0000000E+00; -6.5099823E+09; -8.2276708E+01;  0.0000000E+00;  2.9483266E+11;  6.5099823E+09;  0.0000000E+00
P 2;  1.8000000E+02;  1.9890000E+30;  2.9483266E+11;  3.7375216E+03;  0.0000000E+00;  6.5099823E+09;  8.2276708E+01;  0.0000000E+00;  2.9483266E+11;  6.5099823E+09;  0.0000000E+00
P 1;  1.8500000E+02;  1.9890000E+30; -3.2410961E+11; -4.1074187E+03;  0.0000000E+00; -5.4331991E+09; -6.8628474E+01;  0.0000000E+00;  3.2410961E+11;  5.4331991E+09;  0.0000000E+00
P 2;  1.8500000E+02;  1.9890000E+30;  3.2410961E+11;  4.1074187E+03;  0.0000000E+00;  5.4331991E+09;  6.8628474E+01;  0.0000000E+00;  3.2410961E+11;  5.4331991E+09;  0.0000000E+00
P 1;  1.9000000E+02;  1.9890000E+30; -3.4827596E+11; -4.4125498E+03;  0.0000000E+00; -4.4432343E+09; -5.6084180E+01;  0.0000000E+00;  3.4827596E+11;  4.4432343E+09;  0.0000000E+00
P 2;  1.9000000E+02;  1.9890000E+30;  3.4827596E+11;  4.4125498E+03;  0.0000000E+00;  4.4432343E+09;  5.6084180E+01;  0.0000000E+00;  3.4827596E+11;  4.4432343E+09;  0.0000000E+00
P 1;  1.9500000E+02;  1.9890000E+30; -3.6768452E+11; -4.6574016E+03;  0.0000000E+00; -3.5143870E+09; -4.4317172E+01;  0.0000000E+00;  3.6768452E+11;  3.5143870E+09;  0.0000000E+00
P 2;  1.9500000E+02;  1.9890000E+30;  3.6768452E+11;  4.6574016E+03;  0.0000000E+00;  3.5143870E+09;  4.4317172E+01;  0.0000000E+00;  3.6768452E+11;  3.5143870E+09;  0.0000000E+00
P 1;  2.0000000E+02;  1.9890000E+30; -3.8258457E+11; -4.8451454E+03;  0.0000000E+00; -2.6286757E+09; -3.3099049E+01;  0.0000000E+00;  3.8258457E+11;  2.6286757E+09;  0.0000000E+00
P 2;  2.0000000E+02;  1.9890000E+30;  3.8258457E+11;  4.8451454E+03;  0.0000000E+00;  2.6286757E+09;  3.3099049E+01;  0.0000000E+00;  3.8258457E+11;  2.6286757E+09;  0.0000000E+00
P 1;  2.0500000E+02;  1.9890000E+30; -3.9314984E+11; -4.9779928E+03;  0.0000000E+00; -1.7725821E+09; -2.2258208E+01;  0.0000000E+00;  3.9314984E+11;  1.7725821E+09;  0.0000000E+00
P 2;  2.0500000E+02;  1.9890000E+30;  3.9314984E+11;  4.9779928E+03;  0.0000000E+00;  1.7725821E+09;  2.2258208E+01;  0.0000000E+00;  3.9314984E+11;  1.7725821E+09;  0.0000000E+00
P 1;  2.1000000E+02;  1.9890000E+30; -3.9949497E+11; -5.0574060E+03;  0.0000000E+00; -9.3522576E+08; -1.1656630E+01;  0.0000000E+00;  3.9949497E+11;  9.3522576E+08;  0.0000000E+00
P 2;  2.1000000E+02;  1.9890000E+30;  3.9949497E+11;  5.0574060E+03;  0.0000000E+00;  9.3522576E+08;  1.1656630E+01;  0.0000000E+00;  3.9949497E+11;  9.3522576E+08;  0.0000000E+00
P 1;  2.1500000E+02;  1.9890000E+30; -4.0168506E+11; -5.0842189E+03;  0.0000000E+00; -1.0722787E+08; -1.1754392E+00;  0.0000000E+00;  4.0168506E+11;  1.0722787E+08;  0.0000000E+00
P 2;  2.1500000E+02;  1.9890000E+30;  4.0168506E+11;  5.0842189E+03;  0.0000000E+00;  1.0722787E+08;  1.1754392E+00;  0.0000000E+00;  4.0168506E+11;  1.0722787E+08;  0.0000000E+00
P 1;  2.2000000E+02;  1.9890000E+30; -3.9974073E+11; -5.0587020E+03;  0.0000000E+00;  7.2008839E+08;  9.2952464E+00;  0.0000000E+00;  3.9974073E+11;  7.2008839E+08;  0.0000000E+00
P 2;  2.2000000E+02;  1.9890000E+30;  3.9974073E+11;  5.0587020E+03;  0.0000000E+00; -7.2008839E+08; -9.2952464E+00;  0.0000000E+00;  3.9974073E+11;  7.2008839E+08;  0.0000000E+00
P 1;  2.2500000E+02;  1.9890000E+30; -3.9363960E+11; -4.9805815E+03;  0.0000000E+00;  1.5553541E+09;  1.9864631E+01;  0.0000000E+00;  3.9363960E+11;  1.5553541E+09;  0.0000000E+00
P 2;  2.2500000E+02;  1.9890000E+30;  3.9363960E+11;  4.9805815E+03;  0.0000000E+00; -1.5553541E+09; -1.9864631E+01;  0.0000000E+00;  3.9363960E+11;  1.5553541E+09;  0.0000000E+00
P 1;  2.3000000E+02;  1.9890000E+30; -3.8331462E+11; -4.8490187E+03;  0.0000000E+00;  2.4078021E+09;  3.0649431E+01;  0.0000000E+00;  3.8331462E+11;  2.4078021E+09;  0.0000000E+00
P 2;  2.3000000E+02;  1.9890000E+30;  3.8331462E+11;  4.8490187E+03;  0.0000000E+00; -2.4078021E+09; -3.0649431E+01;  0.0000000E+00;  3.8331462E+11;  2.4078021E+09;  0.0000000E+00
P 1;  2.3500000E+02;  1.9890000E+30; -3.6864882E+11; -4.6625441E+03;  0.0000000E+00;  3.2880381E+09;  4.1783607E+01;  0.0000000E+00;  3.6864882E+11;  3.2880381E+09;  0.0000000E+00
P 2;  2.3500000E+02;  1.9890000E+30;  3.6864882E+11;  4.6625441E+03;  0.0000000E+00; -3.2880381E+09; -4.1783607E+01;  0.0000000E+00;  3.6864882E+11;  3.2880381E+09;  0.0000000E+00
P 1;  2.4000000E+02;  1.9890000E+30; -3.4946540E+11; -4.4189330E+03;  0.0000000E+00;  4.2091152E+09;  5.3431918E+01;  0.0000000E+00;  3.4946540E+11;  4.2091152E+09;  0.0000000E+00
P 2;  2.4000000E+02;  1.9890000E+30;  3.4946540E+11;  4.4189330E+03;  0.0000000E+00; -4.2091152E+09; -5.3431918E+01;  0.0000000E+00;  3.4946540E+11;  4.2091152E+09;  0.0000000E+00
P 1;  2.4500000E+02;  1.9890000E+30; -3.2551072E+11; -4.1149911E+03;  0.0000000E+00;  5.1882370E+09;  6.5811366E+01;  0.0000000E+00;  3.2551072E+11;  5.1882370E+09;  0.0000000E+00
P 2;  2.4500000E+02;  1.9890000E+30;  3.2551072E+11;  4.1149911E+03;  0.0000000E+00; -5.1882370E+09; -6.5811366E+01;  0.0000000E+00;  3.2551072E+11;  5.1882370E+09;  0.0000000E+00
P 1;  2.5000000E+02;  1.9890000E+30; -3.2551072E+11; -4.1149911E+03;  0.0000000E+00;  5.1882370E+09;  6.5811366E+01;  0.0000000E+00;  3.2551072E+11;  5.1882370E+09;  0.0000000E+00
P 2;  2.5000000E+02;  1.9890000E+30;  3.2551072E+11;  4.1149911E+03;  0.0000000E+00; -5.1882370E+09; -6.5811366E+01;  0.0000000E+00;  3.2551072E+11;  5.1882370E+09;  0.0000000E+00
P 1;  2.5000000E+02;  1.9890000E+30; -2.9642536E+11; -3.7461903E+03;  0.0000000E+00;  6.2497575E+09;  7.9228968E+01;  0.0000000E+00;  2.9642536E+11;  6.2497575E+09;  0.0000000E+00
P 2;  2.5000000E+02;  1.9890000E+30;  2.9642536E+11;  3.7461903E+03;  0.0000000E+00; -6.2497575E+09; -7.9228968E+01;  0.0000000E+00;  2.9642536E+11;  6.2497575E+09;  0.0000000E+00
P 1;  2.5500000E+02;  1.9890000E+30; -2.6169239E+11; -3.3060177E+03;  0.0000000E+00;  7.4310737E+09;  9.4155885E+01;  0.0000000E+00;  2.6169239E+11;  7.4310737E+09;  0.0000000E+00
P 2;  2.5500000E+02;  1.9890000E+30;  2.6169239E+11;  3.3060177E+03;  0.0000000E+00; -7.4310737E+09; -9.4155885E+01;  0.0000000E+00;  2.6169239E+11;  7.4310737E+09;  0.0000000E+00
P 1;  2.6000000E+02;  1.9890000E+30; -2.2053731E+11; -2.7847165E+03;  0.0000000E+00;  8.7958276E+09;  1.1139340E+02;  0.0000000E+00;  2.2053731E+11;  8.7958276E+09;  0.0000000E+00
P 2;  2.6000000E+02;  1.9890000E+30;  2.2053731E+11;  2.7847165E+03;  0.0000000E+00; -8.7958276E+09; -1.1139340E+02;  0.0000000E+00;  2.2053731E+11;  8.7958276E+09;  0.0000000E+00
P 1;  2.6500000E+02;  1.9890000E+30; -1.7170579E+11; -2.1664920E+03;  0.0000000E+00;  1.0469515E+10;  1.3252018E+02;  0.0000000E+00;  1.7170579E+11;  1.0469515E+10;  0.0000000E+00
P 2;  2.6500000E+02;  1.9890000E+30;  1.7170579E+11;  2.1664920E+03;  0.0000000E+00; -1.0469515E+10; -1.3252018E+02;  0.0000000E+00;  1.7170579E+11;  1.0469515E+10;  0.0000000E+00
P 1;  2.7000000E+02;  1.9890000E+30; -1.1283974E+11; -1.4216773E+03;  0.0000000E+00;  1.2770228E+10;  1.6153187E+02;  0.0000000E+00;  1.1283974E+11;  1.2770228E+10;  0.0000000E+00
P 2;  2.7000000E+02;  1.9890000E+30;  1.1283974E+11;  1.4216773E+03;  0.0000000E+00; -1.2770228E+10; -1.6153187E+02;  0.0000000E+00;  1.1283974E+11;  1.2770228E+10;  0.0000000E+00
P 1;  2.7500000E+02;  1.9890000E+30; -3.7484304E+10; -4.6927132E+02;  0.0000000E+00;  1.7206713E+10;  2.1730517E+02;  0.0000000E+00;  3.7484304E+10;  1.7206713E+10;  0.0000000E+00
P 2;  2.7500000E+02;  1.9890000E+30;  3.7484304E+10;  4.6927132E+02;  0.0000000E+00; -1.7206713E+10; -2.1730517E+02;  0.0000000E+00;  3.7484304E+10;  1.7206713E+10;  0.0000000E+00
P 1;  2.8000000E+02;  1.9890000E+30;  5.5203291E+10;  6.8767324E+02;  0.0000000E+00;  1.4663913E+10;  1.8187704E+02;  0.0000000E+00;  5.5203291E+10;  1.4663913E+10;  0.0000000E+00
P 2;  2.8000000E+02;  1.9890000E+30; -5.5203291E+10; -6.8767324E+02;  0.0000000E+00; -1.4663913E+10; -1.8187704E+02;  0.0000000E+00;  5.5203291E+10;  1.4663913E+10;  0.0000000E+00
P 1;  2.8500000E+02;  1.9890000E+30;  1.1473075E+11;  1.4254185E+03;  0.0000000E+00;  1.0501239E+10;  1.3009142E+02;  0.0000000E+00;  1.1473075E+11;  1.0501239E+10;  0.0000000E+00
P 2;  2.8500000E+02;  1.9890000E+30; -1.1473075E+11; -1.4254185E+03;  0.0000000E+00; -1.0501239E+10; -1.3009142E+02;  0.0000000E+00;  1.1473075E+11;  1.0501239E+10;  0.0000000E+00
P 1;  2.9000000E+02;  1.9890000E+30;  1.5949553E+11;  1.9797267E+03;  0.0000000E+00;  8.0353019E+09;  9.9468164E+01;  0.0000000E+00;  1.5949553E+11;  8.0353019E+09;  0.0000000E+00
P 2;  2.9000000E+02;  1.9890000E+30; -1.5949553E+11; -1.9797267E+03;  0.0000000E+00; -8.0353019E+09; -9.9468164E+01;  0.0000000E+00;  1.5949553E+11;  8.0353019E+09;  0.0000000E+00
P 1;  2.9500000E+02;  1.9890000E+30;  1.9383159E+11;  2.4045866E+03;  0.0000000E+00;  6.1403527E+09;  7.5953318E+01;  0.0000000E+00;  1.9383159E+11;  6.1403527E+09;  0.0000000E+00
P 2;  2.9500000E+02;  1.9890000E+30; -1.9383159E+11; -2.4045866E+03;  0.0000000E+00; -6.1403527E+09; -7.5953318E+01;  0.0000000E+00;  1.9383159E+11;  6.1403527E+09;  0.0000000E+00
P 1;  3.0000000E+02;  1.9890000E+30;  2.1961103E+11;  2.7232970E+03;  0.0000000E+00;  4.5278245E+09;  5.5952734E+01;  0.0000000E+00;  2.1961103E+11;  4.5278245E+09;  0.0000000E+00
P 2;  3.0000000E+02;  1.9890000E+30; -2.1961103E+11; -2.7232970E+03;  0.0000000E+00; -4.5278245E+09; -5.5952734E+01;  0.0000000E+00;  2.1961103E+11;  4.5278245E+09;  0.0000000E+00
P 1;  3.0500000E+02;  1.9890000E+30;  2.3783984E+11;  2.9483761E+03;  0.0000000E+00;  3.0740209E+09;  3.7927474E+01;  0.0000000E+00;  2.3783984E+11;  3.0740209E+09;  0.0000000E+00
P 2;  3.0500000E+02;  1.9890000E+30; -2.3783984E+11; -2.9483761E+03;  0.0000000E+00; -3.0740209E+09; -3.7927474E+01;  0.0000000E+00;  2.3783984E+11;  3.0740209E+09;  0.0000000E+00
P 1;  3.1000000E+02;  1.9890000E+30;  2.4909288E+11;  3.0869811E+03;  0.0000000E+00;  1.7106066E+09;  2.1028159E+01;  0.0000000E+00;  2.4909288E+11;  1.7106066E+09;  0.0000000E+00
P 2;  3.1000000E+02;  1.9890000E+30; -2.4909288E+11; -3.0869811E+03;  0.0000000E+00; -1.7106066E+09; -2.1028159E+01;  0.0000000E+00;  2.4909288E+11;  1.7106066E+09;  0.0000000E+00
P 1;  3.1500000E+02;  1.9890000E+30;  2.5367950E+11;  3.1429707E+03;  0.0000000E+00;  3.9201296E+08;  4.6889697E+00;  0.0000000E+00;  2.5367950E+11;  3.9201296E+08;  0.0000000E+00
P 2;  3.1500000E+02;  1.9890000E+30; -2.5367950E+11; -3.1429707E+03;  0.0000000E+00; -3.9201296E+08; -4.6889697E+00;  0.0000000E+00;  2.5367950E+11;  3.9201296E+08;  0.0000000E+00
P 1;  3.2000000E+02;  1.9890000E+30;  2.5171293E+11;  3.1177705E+03;  0.0000000E+00; -9.1803079E+08; -1.1539908E+01;  0.0000000E+00;  2.5171293E+11;  9.1803079E+08;  0.0000000E+00
P 2;  3.2000000E+02;  1.9890000E+30; -2.5171293E+11; -3.1177705E+03;  0.0000000E+00;  9.1803079E+08;  1.1539908E+01;  0.0000000E+00;  2.5171293E+11;  9.1803079E+08;  0.0000000E+00
P 1;  3.2500000E+02;  1.9890000E+30;  2.4313261E+11;  3.0106521E+03;  0.0000000E+00; -2.2541945E+09; -2.8087853E+01;  0.0000000E+00;  2.4313261E+11;  2.2541945E+09;  0.0000000E+00
P 2;  3.2500000E+02;  1.9890000E+30; -2.4313261E+11; -3.0106521E+03;  0.0000000E+00;  2.2541945E+09;  2.8087853E+01;  0.0000000E+00;  2.4313261E+11;  2.2541945E+09;  0.0000000E+00
P 1;  3.3000000E+02;  1.9890000E+30;  2.2769199E+11;  2.8185860E+03;  0.0000000E+00; -3.6563820E+09; -4.5448422E+01;  0.0000000E+00;  2.2769199E+11;  3.6563820E+09;  0.0000000E+00
P 2;  3.3000000E+02;  1.9890000E+30; -2.2769199E+11; -2.8185860E+03;  0.0000000E+00;  3.6563820E+09;  4.5448422E+01;  0.0000000E+00;  2.2769199E+11;  3.6563820E+09;  0.0000000E+00
P 1;  3.3500000E+02;  1.9890000E+30;  2.0490516E+11;  2.5355839E+03;  0.0000000E+00; -5.1795896E+09; -6.4301087E+01;  0.0000000E+00;  2.0490516E+11;  5.1795896E+09;  0.0000000E+00
P 2;  3.3500000E+02;  1.9890000E+30; -2.0490516E+11; -2.5355839E+03;  0.0000000E+00;  5.1795896E+09;  6.4301087E+01;  0.0000000E+00;  2.0490516E+11;  5.1795896E+09;  0.0000000E+00
P 1;  3.4000000E+02;  1.9890000E+30;  1.7391664E+11;  2.1510946E+03;  0.0000000E+00; -6.9146085E+09; -8.5766496E+01;  0.0000000E+00;  1.7391664E+11;  6.9146085E+09;  0.0000000E+00
P 2;  3.4000000E+02;  1.9890000E+30; -1.7391664E+11; -2.1510946E+03;  0.0000000E+00;  6.9146085E+09;  8.5766496E+01;  0.0000000E+00;  1.7391664E+11;  6.9146085E+09;  0.0000000E+00
P 1;  3.4500000E+02;  1.9890000E+30;  1.3317349E+11;  1.6459629E+03;  0.0000000E+00; -9.0472080E+09; -1.1213544E+02;  0.0000000E+00;  1.3317349E+11;  9.0472080E+09;  0.0000000E+00
P 2;  3.4500000E+02;  1.9890000E+30; -1.3317349E+11; -1.6459629E+03;  0.0000000E+00;  9.0472080E+09;  1.1213544E+02;  0.0000000E+00;  1.3317349E+11;  9.0472080E+09;  0.0000000E+00
P 1;  3.5000000E+02;  1.9890000E+30;  7.9350512E+10;  9.7919935E+02;  0.0000000E+00; -1.2116992E+10; -1.5005255E+02;  0.0000000E+00;  7.9350512E+10;  1.2116992E+10;  0.0000000E+00
P 2;  3.5000000E+02;  1.9890000E+30; -7.9350512E+10; -9.7919935E+02;  0.0000000E+00;  1.2116992E+10;  1.5005255E+02;  0.0000000E+00;  7.9350512E+10;  1.2116992E+10;  0.0000000E+00
P 1;  3.5500000E+02;  1.9890000E+30; -2.7018389E+09; -3.4868191E+01;  0.0000000E+00; -2.2673341E+10; -2.7927830E+02;  0.0000000E+00;  2.7018389E+09;  2.2673341E+10;  0.0000000E+00
P 2;  3.5500000E+02;  1.9890000E+30;  2.7018389E+09;  3.4868191E+01;  0.0000000E+00;  2.2673341E+10;  2.7927830E+02;  0.0000000E+00;  2.7018389E+09;  2.2673341E+10;  0.0000000E+00
P 1;  3.6000000E+02;  1.9890000E+30;  7.9111617E+10;  9.3298898E+02;  0.0000000E+00;  1.9680115E+10;  2.3202798E+02;  0.0000000E+00;  7.9111617E+10;  1.9680115E+10;  0.0000000E+00
P 2;  3.6000000E+02;  1.9890000E+30; -7.9111617E+10; -9.3298898E+02;  0.0000000E+00; -1.9680115E+10; -2.3202798E+02;  0.0000000E+00;  7.9111617E+10;  1.9680115E+10;  0.0000000E+00
P 1;  3.6500000E+02;  1.9890000E+30;  1.6787741E+11;  1.9795097E+03;  0.0000000E+00;  1.6778692E+10;  1.9781336E+02;  0.0000000E+00;  1.6787741E+11;  1.6778692E+10;  0.0000000E+00
P 2;  3.6500000E+02;  1.9890000E+30; -1.6787741E+11; -1.9795097E+03;  0.0000000E+00; -1.6778692E+10; -1.9781336E+02;  0.0000000E+00;  1.6787741E+11;  1.6778692E+10;  0.0000000E+00
P 1;  3.7000000E+02;  1.9890000E+30;  2.4655989E+11;  2.9071329E+03;  0.0000000E+00;  1.5130607E+10;  1.7838063E+02;  0.0000000E+00;  2.4655989E+11;  1.5130607E+10;  0.0000000E+00
P 2;  3.7000000E+02;  1.9890000E+30; -2.4655989E+11; -2.9071329E+03;  0.0000000E+00; -1.5130607E+10; -1.7838063E+02;  0.0000000E+00;  2.4655989E+11;  1.5130607E+10;  0.0000000E+00
P 1;  3.7500000E+02;  1.9890000E+30;  3.1850169E+11;  3.7552781E+03;  0.0000000E+00;  1.3936210E+10;  1.6429794E+02;  0.0000000E+00;  3.1850169E+11;  1.3936210E+10;  0.0000000E+00
P 2;  3.7500000E+02;  1.9890000E+30; -3.1850169E+11; -3.7552781E+03;  0.0000000E+00; -1.3936210E+10; -1.6429794E+02;  0.0000000E+00;  3.1850169E+11;  1.3936210E+10;  0.0000000E+00
P 1;  3.8000000E+02;  1.9890000E+30;  3.8524477E+11;  4.5421280E+03;  0.0000000E+00;  1.2982145E+10;  1.5304918E+02;  0.0000000E+00;  3.8524477E+11;  1.2982145E+10;  0.0000000E+00
P 2;  3.8000000E+02;  1.9890000E+30; -3.8524477E+11; -4.5421280E+03;  0.0000000E+00; -1.2982145E+10; -1.5304918E+02;  0.0000000E+00;  3.8524477E+11;  1.2982145E+10;  0.0000000E+00
P 1;  3.8500000E+02;  1.9890000E+30;  4.4769379E+11;  5.2783500E+03;  0.0000000E+00;  1.2178348E+10;  1.4357228E+02;  0.0000000E+00;  4.4769379E+11;  1.2178348E+10;  0.0000000E+00
P 2;  3.8500000E+02;  1.9890000E+30; -4.4769379E+11; -5.2783500E+03;  0.0000000E+00; -1.2178348E+10; -1.4357228E+02;  0.0000000E+00;  4.4769379E+11;  1.2178348E+10;  0.0000000E+00
P 1;  3.9000000E+02;  1.9890000E+30;  5.0644827E+11;  5.9710130E+03;  0.0000000E+00;  1.1477907E+10;  1.3531405E+02;  0.0000000E+00;  5.0644827E+11;  1.1477907E+10;  0.0000000E+00
P 2;  3.9000000E+02;  1.9890000E+30; -5.0644827E+11; -5.9710130E+03;  0.0000000E+00; -1.1477907E+10; -1.3531405E+02;  0.0000000E+00;  5.0644827E+11;  1.1477907E+10;  0.0000000E+00
P 1;  3.9500000E+02;  1.9890000E+30;  5.6193647E+11;  6.6251666E+03;  0.0000000E+00;  1.0853126E+10;  1.2794793E+02;  0.0000000E+00;  5.6193647E+11;  1.0853126E+10;  0.0000000E+00
P 2;  3.9500000E+02;  1.9890000E+30; -5.6193647E+11; -6.6251666E+03;  0.0000000E+00; -1.0853126E+10; -1.2794793E+02;  0.0000000E+00;  5.6193647E+11;  1.0853126E+10;  0.0000000E+00
P 1;  4.0000000E+02;  1.9890000E+30;  6.1448033E+11;  7.2446069E+03;  0.0000000E+00;  1.0286221E+10;  1.2126420E+02;  0.0000000E+00;  6.1448033E+11;  1.0286221E+10;  0.0000000E+00
P 2;  4.0000000E+02;  1.9890000E+30; -6.1448033E+11; -7.2446069E+03;  0.0000000E+00; -1.0286221E+10; -1.2126420E+02;  0.0000000E+00;  6.1448033E+11;  1.0286221E+10;  0.0000000E+00
P 1;  4.0500000E+02;  1.9890000E+30;  6.6433107E+11;  7.8322957E+03;  0.0000000E+00;  9.7650569E+09;  1.1511979E+02;  0.0000000E+00;  6.6433107E+11;  9.7650569E+09;  0.0000000E+00
P 2;  4.0500000E+02;  1.9890000E+30; -6.6433107E+11; -7.8322957E+03;  0.0000000E+00; -9.7650569E+09; -1.1511979E+02;  0.0000000E+00;  6.6433107E+11;  9.7650569E+09;  0.0000000E+00
P 1;  4.1000000E+02;  1.9890000E+30;  7.1169025E+11;  8.3906096E+03;  0.0000000E+00;  9.2809652E+09;  1.0941248E+02;  0.0000000E+00;  7.1169025E+11;  9.2809652E+09;  0.0000000E+00
P 2;  4.1000000E+02;  1.9890000E+30; -7.1169025E+11; -8.3906096E+03;  0.0000000E+00; -9.2809652E+09; -1.0941248E+02;  0.0000000E+00;  7.1169025E+11;  9.2809652E+09;  0.0000000E+00
P 1;  4.1500000E+02;  1.9890000E+30;  7.5672322E+11;  8.9214982E+03;  0.0000000E+00;  8.8275242E+09;  1.0406656E+02;  0.0000000E+00;  7.5672322E+11;  8.8275242E+09;  0.0000000E+00
P 2;  4.1500000E+02;  1.9890000E+30; -7.5672322E+11; -8.9214982E+03;  0.0000000E+00; -8.8275242E+09; -1.0406656E+02;  0.0000000E+00;  7.5672322E+11;  8.8275242E+09;  0.0000000E+00
P 1;  4.2000000E+02;  1.9890000E+30;  7.9956801E+11;  9.4265891E+03;  0.0000000E+00;  8.3998360E+09;  9.9024279E+01;  0.0000000E+00;  7.9956801E+11;  8.3998360E+09;  0.0000000E+00
P 2;  4.2000000E+02;  1.9890000E+30; -7.9956801E+11; -9.4265891E+03;  0.0000000E+00; -8.3998360E+09; -9.9024279E+01;  0.0000000E+00;  7.9956801E+11;  8.3998360E+09;  0.0000000E+00
P 1;  4.2500000E+02;  1.9890000E+30;  8.4034154E+11;  9.9072605E+03;  0.0000000E+00;  7.9940739E+09;  9.4240511E+01;  0.0000000E+00;  8.4034154E+11;  7.9940739E+09;  0.0000000E+00
P 2;  4.2500000E+02;  1.9890000E+30; -8.4034154E+11; -9.9072605E+03;  0.0000000E+00; -7.9940739E+09; -9.4240511E+01;  0.0000000E+00;  8.4034154E+11;  7.9940739E+09;  0.0000000E+00
P 1;  4.3000000E+02;  1.9890000E+30;  8.7914400E+11;  1.0364694E+04;  0.0000000E+00;  7.6071860E+09;  8.9679278E+01;  0.0000000E+00;  8.7914400E+11;  7.6071860E+09;  0.0000000E+00
P 2;  4.3000000E+02;  1.9890000E+30; -8.7914400E+11; -1.0364694E+04;  0.0000000E+00; -7.6071860E+09; -8.9679278E+01;  0.0000000E+00;  8.7914400E+11;  7.6071860E+09;  0.0000000E+00
P 1;  4.3500000E+02;  1.9890000E+30;  9.1606215E+11;  1.0799912E+04;  0.0000000E+00;  7.2366962E+09;  8.5311383E+01;  0.0000000E+00;  9.1606215E+11;  7.2366962E+09;  0.0000000E+00
P 2;  4.3500000E+02;  1.9890000E+30; -9.1606215E+11; -1.0799912E+04;  0.0000000E+00; -7.2366962E+09; -8.5311383E+01;  0.0000000E+00;  9.1606215E+11;  7.2366962E+09;  0.0000000E+00
P 1;  4.4000000E+02;  1.9890000E+30;  9.5117169E+11;  1.1213808E+04;  0.0000000E+00;  6.8805643E+09;  8.1112772E+01;  0.0000000E+00;  9.5117169E+11;  6.8805643E+09;  0.0000000E+00
P 2;  4.4000000E+02;  1.9890000E+30; -9.5117169E+11; -1.1213808E+04;  0.0000000E+00; -6.8805643E+09; -8.1112772E+01;  0.0000000E+00;  9.5117169E+11;  6.8805643E+09;  0.0000000E+00
P 1;  4.4500000E+02;  1.9890000E+30;  9.8453917E+11;  1.1607166E+04;  0.0000000E+00;  6.5370875E+09;  7.7063367E+01;  0.0000000E+00;  9.8453917E+11;  6.5370875E+09;  0.0000000E+00
P 2;  4.4500000E+02;  1.9890000E+30; -9.8453917E+11; -1.1607166E+04;  0.0000000E+00; -6.5370875E+09; -7.7063367E+01;  0.0000000E+00;  9.8453917E+11;  6.5370875E+09;  0.0000000E+00
P 1;  4.5000000E+02;  1.9890000E+30;  1.0162235E+12;  1.1980680E+04;  0.0000000E+00;  6.2048269E+09;  7.3146205E+01;  0.0000000E+00;  1.0162235E+12;  6.2048269E+09;  0.0000000E+00
P 2;  4.5000000E+02;  1.9890000E+30; -1.0162235E+12; -1.1980680E+04;  0.0000000E+00; -6.2048269E+09; -7.3146205E+01;  0.0000000E+00;  1.0162235E+12;  6.2048269E+09;  0.0000000E+00
P 1;  4.5500000E+02;  1.9890000E+30;  1.0462769E+12;  1.2334967E+04;  0.0000000E+00;  5.8825544E+09;  6.9346804E+01;  0.0000000E+00;  1.0462769E+12;  5.8825544E+09;  0.0000000E+00
P 2;  4.5500000E+02;  1.9890000E+30; -1.0462769E+12; -1.2334967E+04;  0.0000000E+00; -5.8825544E+09; -6.9346804E+01;  0.0000000E+00;  1.0462769E+12;  5.8825544E+09;  0.0000000E+00
P 1;  4.6000000E+02;  1.9890000E+30;  1.0747462E+12;  1.2670577E+04;  0.0000000E+00;  5.5692112E+09;  6.5652682E+01;  0.0000000E+00;  1.0747462E+12;  5.5692112E+09;  0.0000000E+00
P 2;  4.6000000E+02;  1.9890000E+30; -1.0747462E+12; -1.2670577E+04;  0.0000000E+00; -5.5692112E+09; -6.5652682E+01;  0.0000000E+00;  1.0747462E+12;  5.5692112E+09;  0.0000000E+00
P 1;  4.6500000E+02;  1.9890000E+30;  1.1016731E+12;  1.2988005E+04;  0.0000000E+00;  5.2638764E+09;  6.2052981E+01;  0.0000000E+00;  1.1016731E+12;  5.2638764E+09;  0.0000000E+00
P 2;  4.6500000E+02;  1.9890000E+30; -1.1016731E+12; -1.2988005E+04;  0.0000000E+00; -5.2638764E+09; -6.2052981E+01;  0.0000000E+00;  1.1016731E+12;  5.2638764E+09;  0.0000000E+00
P 1;  4.7000000E+02;  1.9890000E+30;  1.1270952E+12;  1.3287692E+04;  0.0000000E+00;  4.9657429E+09;  5.8538185E+01;  0.0000000E+00;  1.1270952E+12;  4.9657429E+09;  0.0000000E+00
P 2;  4.7000000E+02;  1.9890000E+30; -1.1270952E+12; -1.3287692E+04;  0.0000000E+00; -4.9657429E+09; -5.8538185E+01;  0.0000000E+00;  1.1270952E+12;  4.9657429E+09;  0.0000000E+00
P 1;  4.7500000E+02;  1.9890000E+30;  1.1510465E+12;  1.3570038E+04;  0.0000000E+00;  4.6740972E+09;  5.5099882E+01;  0.0000000E+00;  1.1510465E+12;  4.6740972E+09;  0.0000000E+00
P 2;  4.7500000E+02;  1.9890000E+30; -1.1510465E+12; -1.3570038E+04;  0.0000000E+00; -4.6740972E+09; -5.5099882E+01;  0.0000000E+00;  1.1510465E+12;  4.6740972E+09;  0.0000000E+00
P 1;  4.8000000E+02;  1.9890000E+30;  1.1735573E+12;  1.3835403E+04;  0.0000000E+00;  4.3883049E+09;  5.1730592E+01;  0.0000000E+00;  1.1735573E+12;  4.3883049E+09;  0.0000000E+00
P 2;  4.8000000E+02;  1.9890000E+30; -1.1735573E+12; -1.3835403E+04;  0.0000000E+00; -4.3883049E+09; -5.1730592E+01;  0.0000000E+00;  1.1735573E+12;  4.3883049E+09;  0.0000000E+00
P 1;  4.8500000E+02;  1.9890000E+30;  1.1946552E+12;  1.4084110E+04;  0.0000000E+00;  4.1077973E+09;  4.8423609E+01;  0.0000000E+00;  1.1946552E+12;  4.1077973E+09;  0.0000000E+00
P 2;  4.8500000E+02;  1.9890000E+30; -1.1946552E+12; -1.4084110E+04;  0.0000000E+00; -4.1077973E+09; -4.8423609E+01;  0.0000000E+00;  1.1946552E+12;  4.1077973E+09;  0.0000000E+00
P 1;  4.9000000E+02;  1.9890000E+30;  1.2143651E+12;  1.4316454E+04;  0.0000000E+00;  3.8320616E+09;  4.5172890E+01;  0.0000000E+00;  1.2143651E+12;  3.8320616E+09;  0.0000000E+00
P 2;  4.9000000E+02;  1.9890000E+30; -1.2143651E+12; -1.4316454E+04;  0.0000000E+00; -3.8320616E+09; -4.5172890E+01;  0.0000000E+00;  1.2143651E+12;  3.8320616E+09;  0.0000000E+00
P 1;  4.9500000E+02;  1.9890000E+30;  1.2327095E+12;  1.4532699E+04;  0.0000000E+00;  3.5606327E+09;  4.1972949E+01;  0.0000000E+00;  1.2327095E+12;  3.5606327E+09;  0.0000000E+00
P 2;  4.9500000E+02;  1.9890000E+30; -1.2327095E+12; -1.4532699E+04;  0.0000000E+00; -3.5606327E+09; -4.1972949E+01;  0.0000000E+00;  1.2327095E+12;  3.5606327E+09;  0.0000000E+00
